/*--------------------------------*- C++ -*----------------------------------*\
| =========                 |                                                 |
| \\      /  F ield         | OpenFOAM: The Open Source CFD Toolbox           |
|  \\    /   O peration     | Version:  2412                                  |
|   \\  /    A nd           | Website:  www.openfoam.com                      |
|    \\/     M anipulation  |                                                 |
\*---------------------------------------------------------------------------*/
FoamFile
{
    version     2.0;
    format      binary;
    arch        "LSB;label=32;scalar=64";
    class       volVectorField;
    location    "0";
    object      U;
}
// * * * * * * * * * * * * * * * * * * * * * * * * * * * * * * * * * * * * * //

dimensions      [ 0 1 -1 0 0 0 0 ];


internalField   uniform ( 0 0 0.0001 );
//internalField   uniform ( 0 0 0 );

boundaryField
{
    WALL
    {
        type            movingWallVelocity;
        value           uniform ( 0 0 0 );
    }

    // TOP
    // {
    //     type            movingWallVelocity;
    //     value           uniform ( 0 0 0 );
    // }

   INLET
{
    type                pressureInletOutletVelocity;
    value               uniform (0 0 0);  // fallback value
}

    OUTLET
{
    type                flowRateOutletVelocity;
    volumetricFlowRate        table
    (
    (0.0000 0)
    (0.0005 0)
    (0.0010 0)
    (0.0015 0)
    (0.0020 0)
    (0.0025 0)
    (0.0030 0)
    (0.0035 0)
    (0.0040 0)
    (0.0045 0)
    (0.0050 0)
    (0.0055 0)
    (0.0060 0)
    (0.0065 0)
    (0.0070 0)
    (0.0075 0)
    (0.0080 0)
    (0.0085 0)
    (0.0090 0)
    (0.0095 0)
    (0.0100 0)
    (0.0105 0)
    (0.0110 0)
    (0.0115 0)
    (0.0120 0)
    (0.0125 0)
    (0.0130 0)
    (0.0135 0)
    (0.0140 0)
    (0.0145 0)
    (0.0150 0)
    (0.0155 0)
    (0.0160 0)
    (0.0165 0)
    (0.0170 0)
    (0.0175 0)
    (0.0180 0)
    (0.0185 0)
    (0.0190 0)
    (0.0195 0)
    (0.0200 0)
    (0.0205 0)
    (0.0210 0)
    (0.0215 0)
    (0.0220 0)
    (0.0225 0)
    (0.0230 0)
    (0.0235 0)
    (0.0240 0)
    (0.0245 0)
    (0.0250 0)
    (0.0255 0)
    (0.0260 0)
    (0.0265 0)
    (0.0270 0)
    (0.0275 0)
    (0.0280 0)
    (0.0285 0)
    (0.0290 0)
    (0.0295 0)
    (0.0300 0)
    (0.0305 0)
    (0.0310 0)
    (0.0315 0)
    (0.0320 0)
    (0.0325 0)
    (0.0330 0)
    (0.0335 0)
    (0.0340 0)
    (0.0345 0)
    (0.0350 0)
    (0.0355 0)
    (0.0360 0)
    (0.0365 0)
    (0.0370 0)
    (0.0375 0)
    (0.0380 0)
    (0.0385 0)
    (0.0390 0)
    (0.0395 0)
    (0.0400 0)
    (0.0405 0)
    (0.0410 0)
    (0.0415 0)
    (0.0420 0)
    (0.0425 0)
    (0.0430 0)
    (0.0435 0)
    (0.0440 0)
    (0.0445 0)
    (0.0450 0)
    (0.0455 0)
    (0.0460 0)
    (0.0465 0)
    (0.0470 0)
    (0.0475 0)
    (0.0480 0)
    (0.0485 0)
    (0.0490 0)
    (0.0495 0)
    (0.0500 0)
    (0.0505 0)
    (0.0510 0)
    (0.0515 0)
    (0.0520 0)
    (0.0525 0)
    (0.0530 0)
    (0.0535 0)
    (0.0540 0)
    (0.0545 0)
    (0.0550 0)
    (0.0555 0)
    (0.0560 0)
    (0.0565 0)
    (0.0570 0)
    (0.0575 0)
    (0.0580 0)
    (0.0585 0)
    (0.0590 0)
    (0.0595 0)
    (0.0600 0)
    (0.0605 0)
    (0.0610 0)
    (0.0615 0)
    (0.0620 0)
    (0.0625 0)
    (0.0630 0)
    (0.0635 0)
    (0.0640 0)
    (0.0645 0)
    (0.0650 0)
    (0.0655 0)
    (0.0660 0)
    (0.0665 0)
    (0.0670 0)
    (0.0675 0)
    (0.0680 0)
    (0.0685 0)
    (0.0690 0)
    (0.0695 0)
    (0.0700 0)
    (0.0705 0)
    (0.0710 0)
    (0.0715 0)
    (0.0720 0)
    (0.0725 0)
    (0.0730 0)
    (0.0735 0)
    (0.0740 0)
    (0.0745 0)
    (0.0750 0)
    (0.0755 0)
    (0.0760 0)
    (0.0765 0)
    (0.0770 0)
    (0.0775 0)
    (0.0780 0)
    (0.0785 0)
    (0.0790 0)
    (0.0795 0)
    (0.0800 0)
    (0.0805 0)
    (0.0810 0)
    (0.0815 0)
    (0.0820 0)
    (0.0825 0)
    (0.0830 0)
    (0.0835 0)
    (0.0840 0)
    (0.0845 0)
    (0.0850 0)
    (0.0855 0)
    (0.0860 0)
    (0.0865 0)
    (0.0870 0)
    (0.0875 0)
    (0.0880 0)
    (0.0885 0)
    (0.0890 0)
    (0.0895 0)
    (0.0900 0)
    (0.0905 0)
    (0.0910 0)
    (0.0915 0)
    (0.0920 0)
    (0.0925 0)
    (0.0930 0)
    (0.0935 0)
    (0.0940 0)
    (0.0945 0)
    (0.0950 0)
    (0.0955 0)
    (0.0960 0)
    (0.0965 0)
    (0.0970 0)
    (0.0975 0)
    (0.0980 0)
    (0.0985 0)
    (0.0990 0)
    (0.0995 0)
    (0.1000 0)
    (0.1005 0)
    (0.1010 0)
    (0.1015 0)
    (0.1020 0)
    (0.1025 0)
    (0.1030 0)
    (0.1035 0)
    (0.1040 0)
    (0.1045 0)
    (0.1050 0)
    (0.1055 0)
    (0.1060 0)
    (0.1065 0)
    (0.1070 0)
    (0.1075 0)
    (0.1080 0)
    (0.1085 0)
    (0.1090 0)
    (0.1095 0)
    (0.1100 0)
    (0.1105 0)
    (0.1110 0)
    (0.1115 0)
    (0.1120 0)
    (0.1125 0)
    (0.1130 0)
    (0.1135 0)
    (0.1140 0)
    (0.1145 0)
    (0.1150 0)
    (0.1155 0)
    (0.1160 0)
    (0.1165 0)
    (0.1170 0)
    (0.1175 0)
    (0.1180 0)
    (0.1185 0)
    (0.1190 0)
    (0.1195 0)
    (0.1200 0)
    (0.1205 0)
    (0.1210 0)
    (0.1215 0)
    (0.1220 0)
    (0.1225 0)
    (0.1230 0)
    (0.1235 0)
    (0.1240 0)
    (0.1245 0)
    (0.1250 0)
    (0.1255 0)
    (0.1260 0)
    (0.1265 0)
    (0.1270 0)
    (0.1275 0)
    (0.1280 0)
    (0.1285 0)
    (0.1290 0)
    (0.1295 0)
    (0.1300 0)
    (0.1305 0)
    (0.1310 0)
    (0.1315 0)
    (0.1320 0)
    (0.1325 0)
    (0.1330 0)
    (0.1335 0)
    (0.1340 0)
    (0.1345 0)
    (0.1350 0)
    (0.1355 0)
    (0.1360 0)
    (0.1365 0)
    (0.1370 0)
    (0.1375 0)
    (0.1380 0)
    (0.1385 0)
    (0.1390 0)
    (0.1395 0)
    (0.1400 0)
    (0.1405 0)
    (0.1410 0)
    (0.1415 0)
    (0.1420 0)
    (0.1425 0)
    (0.1430 0)
    (0.1435 0)
    (0.1440 0)
    (0.1445 0)
    (0.1450 0)
    (0.1455 0)
    (0.1460 0)
    (0.1465 0)
    (0.1470 0)
    (0.1475 0)
    (0.1480 0)
    (0.1485 0)
    (0.1490 0)
    (0.1495 0)
    (0.1500 0)
    (0.1505 0)
    (0.1510 0)
    (0.1515 0)
    (0.1520 0)
    (0.1525 0)
    (0.1530 0)
    (0.1535 0)
    (0.1540 0)
    (0.1545 0)
    (0.1550 0)
    (0.1555 0)
    (0.1560 0)
    (0.1565 0)
    (0.1570 0)
    (0.1575 0)
    (0.1580 0)
    (0.1585 0)
    (0.1590 0)
    (0.1595 0)
    (0.1600 0)
    (0.1605 0)
    (0.1610 0)
    (0.1615 0)
    (0.1620 0)
    (0.1625 0)
    (0.1630 0)
    (0.1635 0)
    (0.1640 0)
    (0.1645 0)
    (0.1650 0)
    (0.1655 0)
    (0.1660 0)
    (0.1665 0)
    (0.1670 0)
    (0.1675 0)
    (0.1680 0)
    (0.1685 0)
    (0.1690 0)
    (0.1695 0)
    (0.1700 0)
    (0.1705 0)
    (0.1710 0)
    (0.1715 0)
    (0.1720 0)
    (0.1725 0)
    (0.1730 0)
    (0.1735 0)
    (0.1740 0)
    (0.1745 0)
    (0.1750 0)
    (0.1755 0)
    (0.1760 0)
    (0.1765 0)
    (0.1770 0)
    (0.1775 0)
    (0.1780 0)
    (0.1785 0)
    (0.1790 0)
    (0.1795 0)
    (0.1800 0)
    (0.1805 0)
    (0.1810 0)
    (0.1815 0)
    (0.1820 0)
    (0.1825 0)
    (0.1830 0)
    (0.1835 0)
    (0.1840 0)
    (0.1845 0)
    (0.1850 0)
    (0.1855 0)
    (0.1860 0)
    (0.1865 0)
    (0.1870 0)
    (0.1875 0)
    (0.1880 0)
    (0.1885 0)
    (0.1890 0)
    (0.1895 0)
    (0.1900 0)
    (0.1905 0)
    (0.1910 0)
    (0.1915 0)
    (0.1920 0)
    (0.1925 0)
    (0.1930 0)
    (0.1935 0)
    (0.1940 0)
    (0.1945 0)
    (0.1950 0)
    (0.1955 0)
    (0.1960 0)
    (0.1965 0)
    (0.1970 0)
    (0.1975 0)
    (0.1980 0)
    (0.1985 0)
    (0.1990 0)
    (0.1995 0)
    (0.2000 0)
    (0.2005 0)
    (0.2010 0)
    (0.2015 0)
    (0.2020 0)
    (0.2025 0)
    (0.2030 0)
    (0.2035 0)
    (0.2040 0)
    (0.2045 0)
    (0.2050 0)
    (0.2055 0)
    (0.2060 0)
    (0.2065 0)
    (0.2070 0)
    (0.2075 0)
    (0.2080 0)
    (0.2085 0)
    (0.2090 0)
    (0.2095 0)
    (0.2100 0)
    (0.2105 0)
    (0.2110 0)
    (0.2115 0)
    (0.2120 0)
    (0.2125 0)
    (0.2130 0)
    (0.2135 0)
    (0.2140 0)
    (0.2145 0)
    (0.2150 0)
    (0.2155 0)
    (0.2160 0)
    (0.2165 0)
    (0.2170 0)
    (0.2175 0)
    (0.2180 0)
    (0.2185 0)
    (0.2190 0)
    (0.2195 0)
    (0.2200 0)
    (0.2205 0)
    (0.2210 0)
    (0.2215 0)
    (0.2220 0)
    (0.2225 0)
    (0.2230 0)
    (0.2235 0)
    (0.2240 0)
    (0.2245 0)
    (0.2250 0)
    (0.2255 0)
    (0.2260 0)
    (0.2265 0)
    (0.2270 0)
    (0.2275 0)
    (0.2280 0)
    (0.2285 0)
    (0.2290 0)
    (0.2295 0)
    (0.2300 0)
    (0.2305 0)
    (0.2310 0)
    (0.2315 0)
    (0.2320 0)
    (0.2325 0)
    (0.2330 0)
    (0.2335 0)
    (0.2340 0)
    (0.2345 0)
    (0.2350 0)
    (0.2355 0)
    (0.2360 0)
    (0.2365 0)
    (0.2370 0)
    (0.2375 0)
    (0.2380 0)
    (0.2385 0)
    (0.2390 0)
    (0.2395 0)
    (0.2400 0)
    (0.2405 0)
    (0.2410 0)
    (0.2415 0)
    (0.2420 0)
    (0.2425 0)
    (0.2430 0)
    (0.2435 0)
    (0.2440 0)
    (0.2445 0)
    (0.2450 0)
    (0.2455 0)
    (0.2460 0)
    (0.2465 0)
    (0.2470 0)
    (0.2475 0)
    (0.2480 0)
    (0.2485 0)
    (0.2490 0)
    (0.2495 0)
    (0.2500 0)
    (0.2505 0)
    (0.2510 0)
    (0.2515 0)
    (0.2520 0)
    (0.2525 0)
    (0.2530 0)
    (0.2535 0)
    (0.2540 0)
    (0.2545 0)
    (0.2550 0)
    (0.2555 0)
    (0.2560 0)
    (0.2565 0)
    (0.2570 0)
    (0.2575 0)
    (0.2580 0)
    (0.2585 0)
    (0.2590 0)
    (0.2595 0)
    (0.2600 0)
    (0.2605 0)
    (0.2610 0)
    (0.2615 0)
    (0.2620 0)
    (0.2625 0)
    (0.2630 0)
    (0.2635 0)
    (0.2640 0)
    (0.2645 0)
    (0.2650 0)
    (0.2655 0)
    (0.2660 0)
    (0.2665 0)
    (0.2670 0)
    (0.2675 0)
    (0.2680 0)
    (0.2685 0)
    (0.2690 0)
    (0.2695 0)
    (0.2700 0)
    (0.2705 0)
    (0.2710 0)
    (0.2715 0)
    (0.2720 0)
    (0.2725 0)
    (0.2730 0)
    (0.2735 0)
    (0.2740 0)
    (0.2745 0)
    (0.2750 0)
    (0.2755 0)
    (0.2760 0)
    (0.2765 0)
    (0.2770 0)
    (0.2775 0)
    (0.2780 0)
    (0.2785 0)
    (0.2790 0)
    (0.2795 0)
    (0.2800 0)
    (0.2805 0)
    (0.2810 0)
    (0.2815 0)
    (0.2820 0)
    (0.2825 0)
    (0.2830 0)
    (0.2835 0)
    (0.2840 0)
    (0.2845 0)
    (0.2850 0)
    (0.2855 0)
    (0.2860 0)
    (0.2865 0)
    (0.2870 0)
    (0.2875 0)
    (0.2880 0)
    (0.2885 0)
    (0.2890 0)
    (0.2895 0)
    (0.2900 0)
    (0.2905 0)
    (0.2910 0)
    (0.2915 0)
    (0.2920 0)
    (0.2925 0)
    (0.2930 0)
    (0.2935 0)
    (0.2940 0)
    (0.2945 0)
    (0.2950 0)
    (0.2955 0)
    (0.2960 0)
    (0.2965 0)
    (0.2970 0)
    (0.2975 0)
    (0.2980 0)
    (0.2985 0)
    (0.2990 0)
    (0.2995 0)
    (0.3000 0)
    (0.3005 0)
    (0.3010 0)
    (0.3015 0)
    (0.3020 0)
    (0.3025 0)
    (0.3030 0)
    (0.3035 0)
    (0.3040 0)
    (0.3045 0)
    (0.3050 0)
    (0.3055 0)
    (0.3060 0)
    (0.3065 0)
    (0.3070 0)
    (0.3075 0)
    (0.3080 0)
    (0.3085 0)
    (0.3090 0)
    (0.3095 0)
    (0.3100 0)
    (0.3105 0)
    (0.3110 0)
    (0.3115 0)
    (0.3120 0)
    (0.3125 0)
    (0.3130 0)
    (0.3135 0)
    (0.3140 0)
    (0.3145 0)
    (0.3150 0)
    (0.3155 0)
    (0.3160 0)
    (0.3165 0)
    (0.3170 0)
    (0.3175 0)
    (0.3180 0)
    (0.3185 0)
    (0.3190 0)
    (0.3195 0)
    (0.3200 0)
    (0.3205 0)
    (0.3210 0)
    (0.3215 0)
    (0.3220 0)
    (0.3225 0)
    (0.3230 0)
    (0.3235 0)
    (0.3240 0)
    (0.3245 0)
    (0.3250 0)
    (0.3255 0)
    (0.3260 0)
    (0.3265 0)
    (0.3270 0)
    (0.3275 0)
    (0.3280 0)
    (0.3285 0)
    (0.3290 0)
    (0.3295 0)
    (0.3300 0)
    (0.3305 0)
    (0.3310 0)
    (0.3315 0)
    (0.3320 0)
    (0.3325 0)
    (0.3330 0)
    (0.3335 0)
    (0.3340 0)
    (0.3345 0)
    (0.3350 0)
    (0.3355 0)
    (0.3360 0)
    (0.3365 0)
    (0.3370 0)
    (0.3375 0)
    (0.3380 0)
    (0.3385 0)
    (0.3390 0)
    (0.3395 0)
    (0.3400 0)
    (0.3405 0)
    (0.3410 0)
    (0.3415 0)
    (0.3420 0)
    (0.3425 0)
    (0.3430 0)
    (0.3435 0)
    (0.3440 0)
    (0.3445 0)
    (0.3450 0)
    (0.3455 0)
    (0.3460 0)
    (0.3465 0)
    (0.3470 0)
    (0.3475 0)
    (0.3480 0)
    (0.3485 0)
    (0.3490 0)
    (0.3495 0)
    (0.3500 0)
    (0.3505 0)
    (0.3510 0)
    (0.3515 0)
    (0.3520 0)
    (0.3525 0)
    (0.3530 0)
    (0.3535 0)
    (0.3540 0)
    (0.3545 0)
    (0.3550 0)
    (0.3555 0)
    (0.3560 0)
    (0.3565 0)
    (0.3570 0)
    (0.3575 0)
    (0.3580 0)
    (0.3585 0)
    (0.3590 0)
    (0.3595 0)
    (0.3600 0)
    (0.3605 0)
    (0.3610 0)
    (0.3615 0)
    (0.3620 0)
    (0.3625 0)
    (0.3630 0)
    (0.3635 0)
    (0.3640 0)
    (0.3645 0)
    (0.3650 0)
    (0.3655 0)
    (0.3660 0)
    (0.3665 0)
    (0.3670 0)
    (0.3675 0)
    (0.3680 0)
    (0.3685 0)
    (0.3690 0)
    (0.3695 0)
    (0.3700 0)
    (0.3705 0)
    (0.3710 0)
    (0.3715 0)
    (0.3720 0)
    (0.3725 0)
    (0.3730 0)
    (0.3735 0)
    (0.3740 0)
    (0.3745 0)
    (0.3750 0)
    (0.3755 0)
    (0.3760 0)
    (0.3765 0)
    (0.3770 0)
    (0.3775 0)
    (0.3780 0)
    (0.3785 0)
    (0.3790 0)
    (0.3795 0)
    (0.3800 0)
    (0.3805 0)
    (0.3810 0)
    (0.3815 0)
    (0.3820 0)
    (0.3825 0)
    (0.3830 0)
    (0.3835 0)
    (0.3840 0)
    (0.3845 0)
    (0.3850 0)
    (0.3855 0)
    (0.3860 0)
    (0.3865 0)
    (0.3870 0)
    (0.3875 0)
    (0.3880 0)
    (0.3885 0)
    (0.3890 0)
    (0.3895 0)
    (0.3900 0)
    (0.3905 0)
    (0.3910 0)
    (0.3915 0)
    (0.3920 0)
    (0.3925 0)
    (0.3930 0)
    (0.3935 0)
    (0.3940 0)
    (0.3945 0)
    (0.3950 0)
    (0.3955 0)
    (0.3960 0)
    (0.3965 0)
    (0.3970 0)
    (0.3975 0)
    (0.3980 0)
    (0.3985 0)
    (0.3990 0)
    (0.3995 0)
    (0.4000 0)
    (0.4005 0)
    (0.4010 0)
    (0.4015 0)
    (0.4020 0)
    (0.4025 0)
    (0.4030 0)
    (0.4035 0)
    (0.4040 0)
    (0.4045 0)
    (0.4050 0)
    (0.4055 0)
    (0.4060 0)
    (0.4065 0)
    (0.4070 0)
    (0.4075 0)
    (0.4080 0)
    (0.4085 0)
    (0.4090 0)
    (0.4095 0)
    (0.4100 0)
    (0.4105 0)
    (0.4110 0)
    (0.4115 0)
    (0.4120 0)
    (0.4125 0)
    (0.4130 0)
    (0.4135 0)
    (0.4140 0)
    (0.4145 0)
    (0.4150 0)
    (0.4155 0)
    (0.4160 0)
    (0.4165 0)
    (0.4170 0)
    (0.4175 0)
    (0.4180 0)
    (0.4185 0)
    (0.4190 0)
    (0.4195 0)
    (0.4200 0)
    (0.4205 0)
    (0.4210 0)
    (0.4215 0)
    (0.4220 0)
    (0.4225 0)
    (0.4230 0)
    (0.4235 0)
    (0.4240 0)
    (0.4245 0)
    (0.4250 0)
    (0.4255 0)
    (0.4260 0)
    (0.4265 0)
    (0.4270 0)
    (0.4275 0)
    (0.4280 0)
    (0.4285 0)
    (0.4290 0)
    (0.4295 0)
    (0.4300 0)
    (0.4305 0)
    (0.4310 0)
    (0.4315 0)
    (0.4320 0)
    (0.4325 0)
    (0.4330 0)
    (0.4335 0)
    (0.4340 0)
    (0.4345 0)
    (0.4350 0)
    (0.4355 0)
    (0.4360 0)
    (0.4365 0)
    (0.4370 0)
    (0.4375 0)
    (0.4380 0)
    (0.4385 0)
    (0.4390 0)
    (0.4395 0)
    (0.4400 0)
    (0.4405 0)
    (0.4410 0)
    (0.4415 0)
    (0.4420 0)
    (0.4425 0)
    (0.4430 0)
    (0.4435 0)
    (0.4440 0)
    (0.4445 0)
    (0.4450 0)
    (0.4455 0)
    (0.4460 0)
    (0.4465 0)
    (0.4470 0)
    (0.4475 0)
    (0.4480 0)
    (0.4485 0)
    (0.4490 0)
    (0.4495 0)
    (0.4500 0)
    (0.4505 0)
    (0.4510 0)
    (0.4515 0)
    (0.4520 0)
    (0.4525 0)
    (0.4530 0)
    (0.4535 0)
    (0.4540 0)
    (0.4545 0)
    (0.4550 0)
    (0.4555 0)
    (0.4560 0)
    (0.4565 0)
    (0.4570 0)
    (0.4575 0)
    (0.4580 0)
    (0.4585 0)
    (0.4590 0)
    (0.4595 0)
    (0.4600 0)
    (0.4605 0)
    (0.4610 0)
    (0.4615 0)
    (0.4620 0)
    (0.4625 0)
    (0.4630 0)
    (0.4635 0)
    (0.4640 0)
    (0.4645 0)
    (0.4650 0)
    (0.4655 0)
    (0.4660 0)
    (0.4665 0)
    (0.4670 0)
    (0.4675 0)
    (0.4680 0)
    (0.4685 0)
    (0.4690 0)
    (0.4695 0)
    (0.4700 0)
    (0.4705 0)
    (0.4710 0)
    (0.4715 0)
    (0.4720 0)
    (0.4725 0)
    (0.4730 0)
    (0.4735 0)
    (0.4740 0)
    (0.4745 0)
    (0.4750 0)
    (0.4755 0)
    (0.4760 0)
    (0.4765 0)
    (0.4770 0)
    (0.4775 0)
    (0.4780 0)
    (0.4785 0)
    (0.4790 0)
    (0.4795 0)
    (0.4800 0)
    (0.4805 0)
    (0.4810 0)
    (0.4815 0)
    (0.4820 0)
    (0.4825 0)
    (0.4830 0)
    (0.4835 0)
    (0.4840 0)
    (0.4845 0)
    (0.4850 0)
    (0.4855 0)
    (0.4860 0)
    (0.4865 0)
    (0.4870 0)
    (0.4875 0)
    (0.4880 0)
    (0.4885 0)
    (0.4890 0)
    (0.4895 0)
    (0.4900 0)
    (0.4905 0)
    (0.4910 0)
    (0.4915 0)
    (0.4920 0)
    (0.4925 0)
    (0.4930 0)
    (0.4935 0)
    (0.4940 0)
    (0.4945 0)
    (0.4950 0)
    (0.4955 0)
    (0.4960 0)
    (0.4965 0)
    (0.4970 0)
    (0.4975 0)
    (0.4980 0)
    (0.4985 0)
    (0.4990 0)
    (0.4995 0)
    (0.5000 0)
    (0.5005 0)
    (0.5010 0)
    (0.5015 0)
    (0.5020 0)
    (0.5025 0)
    (0.5030 0)
    (0.5035 0)
    (0.5040 0)
    (0.5045 0)
    (0.5050 0)
    (0.5055 0)
    (0.5060 0)
    (0.5065 0)
    (0.5070 0)
    (0.5075 0)
    (0.5080 0)
    (0.5085 0)
    (0.5090 0)
    (0.5095 0)
    (0.5100 0)
    (0.5105 0)
    (0.5110 0)
    (0.5115 0)
    (0.5120 0)
    (0.5125 0)
    (0.5130 0)
    (0.5135 0)
    (0.5140 0)
    (0.5145 0)
    (0.5150 0)
    (0.5155 0)
    (0.5160 0)
    (0.5165 0)
    (0.5170 0)
    (0.5175 0)
    (0.5180 0)
    (0.5185 0)
    (0.5190 0)
    (0.5195 0)
    (0.5200 0)
    (0.5205 0)
    (0.5210 0)
    (0.5215 0)
    (0.5220 0)
    (0.5225 0)
    (0.5230 0)
    (0.5235 0)
    (0.5240 0)
    (0.5245 0)
    (0.5250 0)
    (0.5255 0)
    (0.5260 0)
    (0.5265 0)
    (0.5270 0)
    (0.5275 0)
    (0.5280 0)
    (0.5285 0)
    (0.5290 0)
    (0.5295 0)
    (0.5300 0)
    (0.5305 0)
    (0.5310 0)
    (0.5315 0)
    (0.5320 0)
    (0.5325 0)
    (0.5330 0)
    (0.5335 0)
    (0.5340 0)
    (0.5345 0)
    (0.5350 0)
    (0.5355 0)
    (0.5360 0)
    (0.5365 0)
    (0.5370 0)
    (0.5375 0)
    (0.5380 0)
    (0.5385 0)
    (0.5390 0)
    (0.5395 0)
    (0.5400 0)
    (0.5405 0)
    (0.5410 0)
    (0.5415 0)
    (0.5420 0)
    (0.5425 0)
    (0.5430 0)
    (0.5435 0)
    (0.5440 0)
    (0.5445 0)
    (0.5450 0)
    (0.5455 0)
    (0.5460 0)
    (0.5465 0)
    (0.5470 0)
    (0.5475 0)
    (0.5480 0)
    (0.5485 0)
    (0.5490 0)
    (0.5495 0)
    (0.5500 0)
    (0.5505 0)
    (0.5510 0)
    (0.5515 0)
    (0.5520 0)
    (0.5525 0)
    (0.5530 0)
    (0.5535 0)
    (0.5540 0)
    (0.5545 0)
    (0.5550 0)
    (0.5555 0)
    (0.5560 0)
    (0.5565 0)
    (0.5570 0)
    (0.5575 0)
    (0.5580 0)
    (0.5585 0)
    (0.5590 0)
    (0.5595 0)
    (0.5600 0)
    (0.5605 0)
    (0.5610 0)
    (0.5615 0)
    (0.5620 0)
    (0.5625 0)
    (0.5630 0)
    (0.5635 0)
    (0.5640 0)
    (0.5645 0)
    (0.5650 0)
    (0.5655 0)
    (0.5660 0)
    (0.5665 0)
    (0.5670 0)
    (0.5675 0)
    (0.5680 0)
    (0.5685 0)
    (0.5690 0)
    (0.5695 0)
    (0.5700 0)
    (0.5705 0)
    (0.5710 0)
    (0.5715 0)
    (0.5720 0)
    (0.5725 0)
    (0.5730 0)
    (0.5735 0)
    (0.5740 0)
    (0.5745 0)
    (0.5750 0)
    (0.5755 0)
    (0.5760 0)
    (0.5765 0)
    (0.5770 0)
    (0.5775 0)
    (0.5780 0)
    (0.5785 0)
    (0.5790 0)
    (0.5795 0)
    (0.5800 0)
    (0.5805 0)
    (0.5810 0)
    (0.5815 0)
    (0.5820 0)
    (0.5825 0)
    (0.5830 0)
    (0.5835 0)
    (0.5840 0)
    (0.5845 0)
    (0.5850 0)
    (0.5855 0)
    (0.5860 0)
    (0.5865 0)
    (0.5870 0)
    (0.5875 0)
    (0.5880 0)
    (0.5885 0)
    (0.5890 0)
    (0.5895 0)
    (0.5900 0)
    (0.5905 0)
    (0.5910 0)
    (0.5915 0)
    (0.5920 0)
    (0.5925 0)
    (0.5930 0)
    (0.5935 0)
    (0.5940 0)
    (0.5945 0)
    (0.5950 0)
    (0.5955 0)
    (0.5960 0)
    (0.5965 0)
    (0.5970 0)
    (0.5975 0)
    (0.5980 0)
    (0.5985 0)
    (0.5990 0)
    (0.5995 0)
    (0.6000 0)
    (0.6005 0)
    (0.6010 0)
    (0.6015 0)
    (0.6020 0)
    (0.6025 0)
    (0.6030 0)
    (0.6035 0)
    (0.6040 0)
    (0.6045 0)
    (0.6050 0)
    (0.6055 0)
    (0.6060 0)
    (0.6065 0)
    (0.6070 0)
    (0.6075 0)
    (0.6080 0)
    (0.6085 0)
    (0.6090 0)
    (0.6095 0)
    (0.6100 0)
    (0.6105 0)
    (0.6110 0)
    (0.6115 0)
    (0.6120 0)
    (0.6125 0)
    (0.6130 0)
    (0.6135 0)
    (0.6140 0)
    (0.6145 0)
    (0.6150 0)
    (0.6155 0)
    (0.6160 0)
    (0.6165 0)
    (0.6170 0)
    (0.6175 0)
    (0.6180 0)
    (0.6185 0)
    (0.6190 0)
    (0.6195 0)
    (0.6200 0)
    (0.6205 0)
    (0.6210 0)
    (0.6215 0)
    (0.6220 0)
    (0.6225 0)
    (0.6230 0)
    (0.6235 0)
    (0.6240 0)
    (0.6245 0)
    (0.6250 0)
    (0.6255 0)
    (0.6260 0)
    (0.6265 0)
    (0.6270 0)
    (0.6275 0)
    (0.6280 0)
    (0.6285 0)
    (0.6290 0)
    (0.6295 0)
    (0.6300 0)
    (0.6305 0)
    (0.6310 0)
    (0.6315 0)
    (0.6320 0)
    (0.6325 0)
    (0.6330 0)
    (0.6335 0)
    (0.6340 0)
    (0.6345 0)
    (0.6350 0)
    (0.6355 0)
    (0.6360 0)
    (0.6365 0)
    (0.6370 0)
    (0.6375 0)
    (0.6380 0)
    (0.6385 0)
    (0.6390 0)
    (0.6395 0)
    (0.6400 0)
    (0.6405 0)
    (0.6410 0)
    (0.6415 0)
    (0.6420 0)
    (0.6425 0)
    (0.6430 0)
    (0.6435 0)
    (0.6440 0)
    (0.6445 0)
    (0.6450 0)
    (0.6455 0)
    (0.6460 0)
    (0.6465 0)
    (0.6470 0)
    (0.6475 6.94203e-08)
    (0.6480 0)
    (0.6485 -1.86011e-08)
    (0.6490 0)
    (0.6495 4.98415e-09)
    (0.6500 0)
    (0.6505 -1.3355e-09)
    (0.6510 0)
    (0.6515 3.57846e-10)
    (0.6520 0)
    (0.6525 -9.58846e-11)
    (0.6530 0)
    (0.6535 2.56922e-11)
    (0.6540 0)
    (0.6545 -6.88421e-12)
    (0.6550 0)
    (0.6555 1.84462e-12)
    (0.6560 0)
    (0.6565 -4.94264e-13)
    (0.6570 0)
    (0.6575 1.32438e-13)
    (0.6580 0)
    (0.6585 -3.54888e-14)
    (0.6590 0)
    (0.6595 9.51701e-15)
    (0.6600 0)
    (0.6605 -2.57923e-15)
    (0.6610 0)
    (0.6615 7.99911e-16)
    (0.6620 0)
    (0.6625 -6.20416e-16)
    (0.6630 0)
    (0.6635 1.68175e-15)
    (0.6640 0)
    (0.6645 -6.10659e-15)
    (0.6650 0)
    (0.6655 2.27446e-14)
    (0.6660 0)
    (0.6665 -8.48719e-14)
    (0.6670 0)
    (0.6675 3.16743e-13)
    (0.6680 0)
    (0.6685 -1.1821e-12)
    (0.6690 0)
    (0.6695 4.41166e-12)
    (0.6700 0)
    (0.6705 -1.64645e-11)
    (0.6710 0)
    (0.6715 6.14464e-11)
    (0.6720 0)
    (0.6725 -2.29321e-10)
    (0.6730 0)
    (0.6735 8.55838e-10)
    (0.6740 0)
    (0.6745 -3.19403e-09)
    (0.6750 0)
    (0.6755 9.25276e-10)
    (0.6760 -8.79601e-08)
    (0.6765 -3.39046e-07)
    (0.6770 -6.85229e-07)
    (0.6775 -1.04593e-06)
    (0.6780 -1.4262e-06)
    (0.6785 -1.84674e-06)
    (0.6790 -2.30532e-06)
    (0.6795 -2.7955e-06)
    (0.6800 -3.31701e-06)
    (0.6805 -3.87069e-06)
    (0.6810 -4.45571e-06)
    (0.6815 -5.07096e-06)
    (0.6820 -5.71586e-06)
    (0.6825 -6.38978e-06)
    (0.6830 -7.09127e-06)
    (0.6835 -7.81863e-06)
    (0.6840 -8.56995e-06)
    (0.6845 -9.34328e-06)
    (0.6850 -1.01367e-05)
    (0.6855 -1.09484e-05)
    (0.6860 -1.17764e-05)
    (0.6865 -1.26188e-05)
    (0.6870 -1.34737e-05)
    (0.6875 -1.43392e-05)
    (0.6880 -1.52135e-05)
    (0.6885 -1.60945e-05)
    (0.6890 -1.69805e-05)
    (0.6895 -1.78695e-05)
    (0.6900 -1.87596e-05)
    (0.6905 -1.96488e-05)
    (0.6910 -2.05355e-05)
    (0.6915 -2.14188e-05)
    (0.6920 -2.2301e-05)
    (0.6925 -2.31855e-05)
    (0.6930 -2.40753e-05)
    (0.6935 -2.49735e-05)
    (0.6940 -2.5883e-05)
    (0.6945 -2.68071e-05)
    (0.6950 -2.77489e-05)
    (0.6955 -2.87113e-05)
    (0.6960 -2.96974e-05)
    (0.6965 -3.07104e-05)
    (0.6970 -3.17534e-05)
    (0.6975 -3.28293e-05)
    (0.6980 -3.39413e-05)
    (0.6985 -3.50925e-05)
    (0.6990 -3.6286e-05)
    (0.6995 -3.75249e-05)
    (0.7000 -3.8812e-05)
    (0.7005 -4.01506e-05)
    (0.7010 -4.15441e-05)
    (0.7015 -4.29956e-05)
    (0.7020 -4.45055e-05)
    (0.7025 -4.60729e-05)
    (0.7030 -4.76943e-05)
    (0.7035 -4.93659e-05)
    (0.7040 -5.10841e-05)
    (0.7045 -5.28457e-05)
    (0.7050 -5.46473e-05)
    (0.7055 -5.64855e-05)
    (0.7060 -5.83567e-05)
    (0.7065 -6.02576e-05)
    (0.7070 -6.21848e-05)
    (0.7075 -6.41349e-05)
    (0.7080 -6.61042e-05)
    (0.7085 -6.80893e-05)
    (0.7090 -7.00876e-05)
    (0.7095 -7.20974e-05)
    (0.7100 -7.41191e-05)
    (0.7105 -7.61539e-05)
    (0.7110 -7.82024e-05)
    (0.7115 -8.02653e-05)
    (0.7120 -8.23433e-05)
    (0.7125 -8.44371e-05)
    (0.7130 -8.65475e-05)
    (0.7135 -8.86751e-05)
    (0.7140 -9.08207e-05)
    (0.7145 -9.29849e-05)
    (0.7150 -9.51686e-05)
    (0.7155 -9.73725e-05)
    (0.7160 -9.95962e-05)
    (0.7165 -0.00010184)
    (0.7170 -0.000104102)
    (0.7175 -0.000106383)
    (0.7180 -0.000108681)
    (0.7185 -0.000110997)
    (0.7190 -0.000113329)
    (0.7195 -0.000115678)
    (0.7200 -0.000118041)
    (0.7205 -0.00012042)
    (0.7210 -0.000122813)
    (0.7215 -0.00012522)
    (0.7220 -0.00012764)
    (0.7225 -0.00013007)
    (0.7230 -0.000132507)
    (0.7235 -0.000134947)
    (0.7240 -0.000137386)
    (0.7245 -0.00013982)
    (0.7250 -0.000142244)
    (0.7255 -0.000144655)
    (0.7260 -0.00014705)
    (0.7265 -0.000149423)
    (0.7270 -0.000151771)
    (0.7275 -0.000154088)
    (0.7280 -0.000156379)
    (0.7285 -0.000158653)
    (0.7290 -0.000160928)
    (0.7295 -0.000163221)
    (0.7300 -0.000165552)
    (0.7305 -0.000167937)
    (0.7310 -0.000170393)
    (0.7315 -0.000172938)
    (0.7320 -0.000175592)
    (0.7325 -0.000178374)
    (0.7330 -0.000181285)
    (0.7335 -0.000184316)
    (0.7340 -0.000187435)
    (0.7345 -0.000190606)
    (0.7350 -0.000193797)
    (0.7355 -0.000196975)
    (0.7360 -0.000200109)
    (0.7365 -0.000203164)
    (0.7370 -0.000206111)
    (0.7375 -0.000208929)
    (0.7380 -0.000211633)
    (0.7385 -0.000214247)
    (0.7390 -0.000216793)
    (0.7395 -0.000219291)
    (0.7400 -0.000221765)
    (0.7405 -0.000224235)
    (0.7410 -0.000226724)
    (0.7415 -0.000229255)
    (0.7420 -0.000231847)
    (0.7425 -0.000234518)
    (0.7430 -0.000237259)
    (0.7435 -0.000240055)
    (0.7440 -0.000242894)
    (0.7445 -0.00024576)
    (0.7450 -0.00024864)
    (0.7455 -0.00025152)
    (0.7460 -0.000254386)
    (0.7465 -0.000257224)
    (0.7470 -0.000260019)
    (0.7475 -0.000262762)
    (0.7480 -0.000265465)
    (0.7485 -0.000268146)
    (0.7490 -0.000270826)
    (0.7495 -0.000273525)
    (0.7500 -0.00027626)
    (0.7505 -0.000279054)
    (0.7510 -0.000281923)
    (0.7515 -0.000284887)
    (0.7520 -0.000287969)
    (0.7525 -0.000291184)
    (0.7530 -0.000294517)
    (0.7535 -0.000297948)
    (0.7540 -0.000301453)
    (0.7545 -0.000305006)
    (0.7550 -0.000308582)
    (0.7555 -0.000312158)
    (0.7560 -0.000315708)
    (0.7565 -0.00031921)
    (0.7570 -0.000322637)
    (0.7575 -0.000325966)
    (0.7580 -0.000329194)
    (0.7585 -0.000332325)
    (0.7590 -0.000335366)
    (0.7595 -0.000338327)
    (0.7600 -0.000341213)
    (0.7605 -0.000344031)
    (0.7610 -0.000346791)
    (0.7615 -0.000349499)
    (0.7620 -0.000352158)
    (0.7625 -0.00035477)
    (0.7630 -0.00035733)
    (0.7635 -0.000359835)
    (0.7640 -0.000362281)
    (0.7645 -0.000364664)
    (0.7650 -0.00036698)
    (0.7655 -0.000369226)
    (0.7660 -0.000371398)
    (0.7665 -0.000373493)
    (0.7670 -0.000375506)
    (0.7675 -0.000377434)
    (0.7680 -0.000379273)
    (0.7685 -0.00038102)
    (0.7690 -0.000382683)
    (0.7695 -0.000384269)
    (0.7700 -0.000385786)
    (0.7705 -0.000387243)
    (0.7710 -0.000388648)
    (0.7715 -0.00039001)
    (0.7720 -0.000391337)
    (0.7725 -0.000392637)
    (0.7730 -0.000393919)
    (0.7735 -0.000395191)
    (0.7740 -0.000396461)
    (0.7745 -0.000397738)
    (0.7750 -0.00039903)
    (0.7755 -0.000400347)
    (0.7760 -0.000401688)
    (0.7765 -0.000403052)
    (0.7770 -0.000404434)
    (0.7775 -0.000405831)
    (0.7780 -0.000407237)
    (0.7785 -0.00040865)
    (0.7790 -0.000410065)
    (0.7795 -0.000411478)
    (0.7800 -0.000412885)
    (0.7805 -0.000414282)
    (0.7810 -0.000415665)
    (0.7815 -0.00041703)
    (0.7820 -0.000418373)
    (0.7825 -0.000419689)
    (0.7830 -0.000420977)
    (0.7835 -0.000422235)
    (0.7840 -0.000423464)
    (0.7845 -0.000424667)
    (0.7850 -0.000425843)
    (0.7855 -0.000426993)
    (0.7860 -0.000428119)
    (0.7865 -0.000429221)
    (0.7870 -0.0004303)
    (0.7875 -0.000431357)
    (0.7880 -0.000432394)
    (0.7885 -0.00043341)
    (0.7890 -0.000434408)
    (0.7895 -0.000435387)
    (0.7900 -0.00043635)
    (0.7905 -0.000437295)
    (0.7910 -0.000438226)
    (0.7915 -0.000439142)
    (0.7920 -0.000440041)
    (0.7925 -0.000440921)
    (0.7930 -0.000441777)
    (0.7935 -0.000442607)
    (0.7940 -0.000443406)
    (0.7945 -0.000444172)
    (0.7950 -0.0004449)
    (0.7955 -0.000445588)
    (0.7960 -0.000446231)
    (0.7965 -0.000446828)
    (0.7970 -0.000447376)
    (0.7975 -0.000447877)
    (0.7980 -0.000448331)
    (0.7985 -0.000448741)
    (0.7990 -0.000449107)
    (0.7995 -0.00044943)
    (0.8000 -0.000449712)
    (0.8005 -0.000449954)
    (0.8010 -0.000450156)
    (0.8015 -0.000450321)
    (0.8020 -0.000450448)
    (0.8025 -0.00045054)
    (0.8030 -0.000450597)
    (0.8035 -0.000450621)
    (0.8040 -0.000450613)
    (0.8045 -0.000450574)
    (0.8050 -0.000450505)
    (0.8055 -0.000450407)
    (0.8060 -0.000450281)
    (0.8065 -0.000450129)
    (0.8070 -0.000449952)
    (0.8075 -0.000449751)
    (0.8080 -0.000449526)
    (0.8085 -0.00044928)
    (0.8090 -0.000449013)
    (0.8095 -0.000448727)
    (0.8100 -0.000448422)
    (0.8105 -0.0004481)
    (0.8110 -0.00044776)
    (0.8115 -0.000447399)
    (0.8120 -0.000447012)
    (0.8125 -0.000446596)
    (0.8130 -0.000446147)
    (0.8135 -0.000445661)
    (0.8140 -0.000445133)
    (0.8145 -0.00044456)
    (0.8150 -0.000443938)
    (0.8155 -0.000443263)
    (0.8160 -0.000442531)
    (0.8165 -0.000441738)
    (0.8170 -0.00044088)
    (0.8175 -0.000439954)
    (0.8180 -0.000438954)
    (0.8185 -0.000437877)
    (0.8190 -0.000436722)
    (0.8195 -0.00043549)
    (0.8200 -0.000434188)
    (0.8205 -0.000432822)
    (0.8210 -0.000431399)
    (0.8215 -0.000429924)
    (0.8220 -0.000428404)
    (0.8225 -0.000426845)
    (0.8230 -0.000425254)
    (0.8235 -0.000423635)
    (0.8240 -0.000421996)
    (0.8245 -0.000420342)
    (0.8250 -0.00041868)
    (0.8255 -0.000417016)
    (0.8260 -0.000415356)
    (0.8265 -0.000413707)
    (0.8270 -0.000412072)
    (0.8275 -0.000410454)
    (0.8280 -0.000408852)
    (0.8285 -0.000407266)
    (0.8290 -0.000405697)
    (0.8295 -0.000404144)
    (0.8300 -0.000402607)
    (0.8305 -0.000401086)
    (0.8310 -0.000399582)
    (0.8315 -0.000398093)
    (0.8320 -0.000396621)
    (0.8325 -0.000395165)
    (0.8330 -0.000393725)
    (0.8335 -0.000392301)
    (0.8340 -0.000390893)
    (0.8345 -0.000389501)
    (0.8350 -0.000388125)
    (0.8355 -0.000386765)
    (0.8360 -0.000385418)
    (0.8365 -0.000384086)
    (0.8370 -0.000382767)
    (0.8375 -0.00038146)
    (0.8380 -0.000380165)
    (0.8385 -0.00037888)
    (0.8390 -0.000377607)
    (0.8395 -0.000376342)
    (0.8400 -0.000375087)
    (0.8405 -0.00037384)
    (0.8410 -0.0003726)
    (0.8415 -0.000371368)
    (0.8420 -0.000370141)
    (0.8425 -0.00036892)
    (0.8430 -0.000367703)
    (0.8435 -0.000366491)
    (0.8440 -0.000365285)
    (0.8445 -0.000364086)
    (0.8450 -0.000362898)
    (0.8455 -0.000361721)
    (0.8460 -0.000360559)
    (0.8465 -0.000359413)
    (0.8470 -0.000358285)
    (0.8475 -0.000357178)
    (0.8480 -0.000356094)
    (0.8485 -0.000355034)
    (0.8490 -0.000354)
    (0.8495 -0.000352996)
    (0.8500 -0.000352023)
    (0.8505 -0.000351082)
    (0.8510 -0.000350177)
    (0.8515 -0.000349309)
    (0.8520 -0.00034848)
    (0.8525 -0.00034769)
    (0.8530 -0.000346935)
    (0.8535 -0.000346211)
    (0.8540 -0.000345512)
    (0.8545 -0.000344836)
    (0.8550 -0.000344176)
    (0.8555 -0.000343529)
    (0.8560 -0.00034289)
    (0.8565 -0.000342255)
    (0.8570 -0.00034162)
    (0.8575 -0.000340979)
    (0.8580 -0.000340329)
    (0.8585 -0.000339665)
    (0.8590 -0.000338983)
    (0.8595 -0.000338278)
    (0.8600 -0.000337545)
    (0.8605 -0.00033678)
    (0.8610 -0.000335984)
    (0.8615 -0.000335159)
    (0.8620 -0.00033431)
    (0.8625 -0.000333444)
    (0.8630 -0.000332565)
    (0.8635 -0.000331678)
    (0.8640 -0.000330788)
    (0.8645 -0.000329901)
    (0.8650 -0.000329021)
    (0.8655 -0.000328153)
    (0.8660 -0.000327303)
    (0.8665 -0.000326476)
    (0.8670 -0.000325676)
    (0.8675 -0.000324909)
    (0.8680 -0.00032418)
    (0.8685 -0.000323495)
    (0.8690 -0.000322855)
    (0.8695 -0.000322259)
    (0.8700 -0.0003217)
    (0.8705 -0.000321171)
    (0.8710 -0.000320665)
    (0.8715 -0.000320177)
    (0.8720 -0.0003197)
    (0.8725 -0.000319227)
    (0.8730 -0.000318753)
    (0.8735 -0.00031827)
    (0.8740 -0.000317772)
    (0.8745 -0.000317254)
    (0.8750 -0.000316714)
    (0.8755 -0.000316153)
    (0.8760 -0.00031557)
    (0.8765 -0.000314967)
    (0.8770 -0.000314343)
    (0.8775 -0.000313698)
    (0.8780 -0.000313032)
    (0.8785 -0.000312346)
    (0.8790 -0.000311641)
    (0.8795 -0.000310915)
    (0.8800 -0.000310169)
    (0.8805 -0.000309404)
    (0.8810 -0.00030862)
    (0.8815 -0.000307816)
    (0.8820 -0.000306993)
    (0.8825 -0.000306151)
    (0.8830 -0.000305291)
    (0.8835 -0.000304412)
    (0.8840 -0.000303515)
    (0.8845 -0.0003026)
    (0.8850 -0.000301667)
    (0.8855 -0.000300716)
    (0.8860 -0.000299748)
    (0.8865 -0.000298762)
    (0.8870 -0.000297759)
    (0.8875 -0.000296739)
    (0.8880 -0.000295702)
    (0.8885 -0.000294649)
    (0.8890 -0.000293579)
    (0.8895 -0.000292493)
    (0.8900 -0.000291391)
    (0.8905 -0.000290273)
    (0.8910 -0.000289139)
    (0.8915 -0.000287989)
    (0.8920 -0.000286825)
    (0.8925 -0.000285645)
    (0.8930 -0.00028445)
    (0.8935 -0.000283241)
    (0.8940 -0.000282016)
    (0.8945 -0.000280778)
    (0.8950 -0.000279525)
    (0.8955 -0.000278258)
    (0.8960 -0.000276981)
    (0.8965 -0.000275695)
    (0.8970 -0.000274404)
    (0.8975 -0.000273111)
    (0.8980 -0.00027182)
    (0.8985 -0.000270533)
    (0.8990 -0.000269254)
    (0.8995 -0.000267986)
    (0.9000 -0.000266733)
    (0.9005 -0.000265496)
    (0.9010 -0.000264281)
    (0.9015 -0.000263089)
    (0.9020 -0.000261924)
    (0.9025 -0.000260789)
    (0.9030 -0.000259687)
    (0.9035 -0.000258623)
    (0.9040 -0.000257596)
    (0.9045 -0.000256606)
    (0.9050 -0.000255649)
    (0.9055 -0.00025472)
    (0.9060 -0.000253815)
    (0.9065 -0.000252929)
    (0.9070 -0.000252059)
    (0.9075 -0.000251199)
    (0.9080 -0.000250346)
    (0.9085 -0.000249496)
    (0.9090 -0.000248644)
    (0.9095 -0.000247786)
    (0.9100 -0.000246918)
    (0.9105 -0.000246035)
    (0.9110 -0.000245134)
    (0.9115 -0.000244209)
    (0.9120 -0.000243257)
    (0.9125 -0.000242273)
    (0.9130 -0.000241258)
    (0.9135 -0.000240213)
    (0.9140 -0.00023914)
    (0.9145 -0.000238041)
    (0.9150 -0.00023692)
    (0.9155 -0.000235778)
    (0.9160 -0.000234617)
    (0.9165 -0.000233441)
    (0.9170 -0.00023225)
    (0.9175 -0.000231048)
    (0.9180 -0.000229837)
    (0.9185 -0.000228618)
    (0.9190 -0.000227395)
    (0.9195 -0.00022617)
    (0.9200 -0.000224945)
    (0.9205 -0.000223722)
    (0.9210 -0.000222503)
    (0.9215 -0.000221291)
    (0.9220 -0.000220084)
    (0.9225 -0.000218883)
    (0.9230 -0.000217687)
    (0.9235 -0.000216496)
    (0.9240 -0.00021531)
    (0.9245 -0.000214129)
    (0.9250 -0.000212951)
    (0.9255 -0.000211777)
    (0.9260 -0.000210607)
    (0.9265 -0.000209441)
    (0.9270 -0.000208277)
    (0.9275 -0.000207116)
    (0.9280 -0.000205957)
    (0.9285 -0.0002048)
    (0.9290 -0.000203646)
    (0.9295 -0.000202492)
    (0.9300 -0.00020134)
    (0.9305 -0.000200188)
    (0.9310 -0.000199035)
    (0.9315 -0.00019788)
    (0.9320 -0.000196722)
    (0.9325 -0.000195559)
    (0.9330 -0.00019439)
    (0.9335 -0.000193215)
    (0.9340 -0.000192032)
    (0.9345 -0.00019084)
    (0.9350 -0.000189638)
    (0.9355 -0.000188424)
    (0.9360 -0.000187198)
    (0.9365 -0.000185958)
    (0.9370 -0.000184704)
    (0.9375 -0.000183433)
    (0.9380 -0.000182146)
    (0.9385 -0.00018084)
    (0.9390 -0.000179518)
    (0.9395 -0.000178182)
    (0.9400 -0.000176834)
    (0.9405 -0.000175477)
    (0.9410 -0.000174114)
    (0.9415 -0.000172748)
    (0.9420 -0.00017138)
    (0.9425 -0.000170014)
    (0.9430 -0.000168651)
    (0.9435 -0.000167296)
    (0.9440 -0.00016595)
    (0.9445 -0.000164616)
    (0.9450 -0.000163296)
    (0.9455 -0.000161993)
    (0.9460 -0.000160711)
    (0.9465 -0.000159451)
    (0.9470 -0.000158213)
    (0.9475 -0.000156998)
    (0.9480 -0.000155801)
    (0.9485 -0.000154621)
    (0.9490 -0.000153456)
    (0.9495 -0.000152303)
    (0.9500 -0.00015116)
    (0.9505 -0.000150024)
    (0.9510 -0.000148894)
    (0.9515 -0.000147767)
    (0.9520 -0.00014664)
    (0.9525 -0.000145512)
    (0.9530 -0.00014438)
    (0.9535 -0.000143243)
    (0.9540 -0.000142096)
    (0.9545 -0.000140939)
    (0.9550 -0.00013977)
    (0.9555 -0.000138585)
    (0.9560 -0.000137382)
    (0.9565 -0.000136159)
    (0.9570 -0.000134915)
    (0.9575 -0.000133647)
    (0.9580 -0.000132358)
    (0.9585 -0.000131049)
    (0.9590 -0.000129722)
    (0.9595 -0.000128379)
    (0.9600 -0.000127021)
    (0.9605 -0.000125651)
    (0.9610 -0.00012427)
    (0.9615 -0.00012288)
    (0.9620 -0.000121483)
    (0.9625 -0.00012008)
    (0.9630 -0.000118674)
    (0.9635 -0.000117265)
    (0.9640 -0.000115857)
    (0.9645 -0.00011445)
    (0.9650 -0.000113047)
    (0.9655 -0.00011165)
    (0.9660 -0.000110258)
    (0.9665 -0.000108872)
    (0.9670 -0.00010749)
    (0.9675 -0.000106109)
    (0.9680 -0.000104728)
    (0.9685 -0.000103344)
    (0.9690 -0.000101956)
    (0.9695 -0.000100562)
    (0.9700 -9.91593e-05)
    (0.9705 -9.77467e-05)
    (0.9710 -9.63222e-05)
    (0.9715 -9.48837e-05)
    (0.9720 -9.34293e-05)
    (0.9725 -9.19573e-05)
    (0.9730 -9.04653e-05)
    (0.9735 -8.89516e-05)
    (0.9740 -8.74153e-05)
    (0.9745 -8.58563e-05)
    (0.9750 -8.42754e-05)
    (0.9755 -8.26733e-05)
    (0.9760 -8.10509e-05)
    (0.9765 -7.94087e-05)
    (0.9770 -7.77474e-05)
    (0.9775 -7.60679e-05)
    (0.9780 -7.43707e-05)
    (0.9785 -7.26565e-05)
    (0.9790 -7.09262e-05)
    (0.9795 -6.91805e-05)
    (0.9800 -6.74198e-05)
    (0.9805 -6.56448e-05)
    (0.9810 -6.38573e-05)
    (0.9815 -6.206e-05)
    (0.9820 -6.0258e-05)
    (0.9825 -5.84566e-05)
    (0.9830 -5.66607e-05)
    (0.9835 -5.48754e-05)
    (0.9840 -5.31056e-05)
    (0.9845 -5.13564e-05)
    (0.9850 -4.96329e-05)
    (0.9855 -4.79399e-05)
    (0.9860 -4.62827e-05)
    (0.9865 -4.46663e-05)
    (0.9870 -4.30954e-05)
    (0.9875 -4.15749e-05)
    (0.9880 -4.0111e-05)
    (0.9885 -3.87087e-05)
    (0.9890 -3.73682e-05)
    (0.9895 -3.60867e-05)
    (0.9900 -3.48555e-05)
    (0.9905 -3.36642e-05)
    (0.9910 -3.25039e-05)
    (0.9915 -3.13658e-05)
    (0.9920 -3.02409e-05)
    (0.9925 -2.91202e-05)
    (0.9930 -2.79943e-05)
    (0.9935 -2.68541e-05)
    (0.9940 -2.56917e-05)
    (0.9945 -2.44984e-05)
    (0.9950 -2.32607e-05)
    (0.9955 -2.19686e-05)
    (0.9960 -2.0629e-05)
    (0.9965 -1.92371e-05)
    (0.9970 -1.77242e-05)
    (0.9975 -1.60653e-05)
    (0.9980 -1.44739e-05)
    (0.9985 -1.30008e-05)
    (0.9990 -1.08059e-05)
    (0.9995 -6.82651e-06)
    (1.0000 0)
);
    value               uniform (0 0 0);
}
}


// ************************************************************************* //
