(
    (0 0)
    (0.001 0)
    (0.002 0)
    (0.003 0)
    (0.004 1.6589e-07)
    (0.005 8.2288e-07)
    (0.006 1.4955e-06)
    (0.007 2.1933e-06)
    (0.008 2.9259e-06)
    (0.009 3.7029e-06)
    (0.01 4.534e-06)
    (0.011 5.4287e-06)
    (0.012 6.3967e-06)
    (0.013 7.4476e-06)
    (0.014 8.5909e-06)
    (0.015 9.8364e-06)
    (0.016 1.1194e-05)
    (0.017 1.2672e-05)
    (0.018 1.4282e-05)
    (0.019 1.6032e-05)
    (0.02 1.7927e-05)
    (0.021 1.9948e-05)
    (0.022 2.2063e-05)
    (0.023 2.4246e-05)
    (0.024 2.6465e-05)
    (0.025 2.8692e-05)
    (0.026 3.0899e-05)
    (0.027 3.3054e-05)
    (0.028 3.5131e-05)
    (0.029 3.7116e-05)
    (0.03 3.9049e-05)
    (0.031 4.0977e-05)
    (0.032 4.2948e-05)
    (0.033 4.501e-05)
    (0.034 4.7209e-05)
    (0.035 4.9595e-05)
    (0.036 5.2213e-05)
    (0.037 5.5109e-05)
    (0.038 5.8272e-05)
    (0.039 6.1655e-05)
    (0.04 6.5208e-05)
    (0.041 6.8882e-05)
    (0.042 7.2627e-05)
    (0.043 7.6393e-05)
    (0.044 8.0131e-05)
    (0.045 8.3793e-05)
    (0.046 8.7327e-05)
    (0.047 9.0688e-05)
    (0.048 9.3869e-05)
    (0.049 9.6902e-05)
    (0.05 9.982e-05)
    (0.051 0.00010266)
    (0.052 0.00010545)
    (0.053 0.00010822)
    (0.054 0.00011101)
    (0.055 0.00011386)
    (0.056 0.00011679)
    (0.057 0.00011984)
    (0.058 0.00012306)
    (0.059 0.00012648)
    (0.06 0.00013014)
    (0.061 0.00013408)
    (0.062 0.00013833)
    (0.063 0.00014287)
    (0.064 0.0001476)
    (0.065 0.0001524)
    (0.066 0.00015719)
    (0.067 0.00016184)
    (0.068 0.00016625)
    (0.069 0.00017035)
    (0.07 0.00017416)
    (0.071 0.00017775)
    (0.072 0.00018119)
    (0.073 0.00018454)
    (0.074 0.00018786)
    (0.075 0.00019123)
    (0.076 0.00019471)
    (0.077 0.00019831)
    (0.078 0.00020202)
    (0.079 0.00020585)
    (0.08 0.00020977)
    (0.081 0.0002138)
    (0.082 0.00021792)
    (0.083 0.00022212)
    (0.084 0.00022641)
    (0.085 0.00023073)
    (0.086 0.00023504)
    (0.087 0.00023929)
    (0.088 0.00024343)
    (0.089 0.00024741)
    (0.09 0.00025119)
    (0.091 0.00025475)
    (0.092 0.00025815)
    (0.093 0.00026144)
    (0.094 0.00026469)
    (0.095 0.00026794)
    (0.096 0.00027126)
    (0.097 0.00027469)
    (0.098 0.00027822)
    (0.099 0.00028182)
    (0.1 0.00028546)
    (0.101 0.00028912)
    (0.102 0.00029276)
    (0.103 0.00029636)
    (0.104 0.00029988)
    (0.105 0.0003033)
    (0.106 0.00030662)
    (0.107 0.00030984)
    (0.108 0.00031298)
    (0.109 0.00031602)
    (0.11 0.00031898)
    (0.111 0.00032187)
    (0.112 0.00032467)
    (0.113 0.00032741)
    (0.114 0.00033008)
    (0.115 0.0003327)
    (0.116 0.00033526)
    (0.117 0.00033778)
    (0.118 0.00034027)
    (0.119 0.00034272)
    (0.12 0.00034516)
    (0.121 0.00034757)
    (0.122 0.00034998)
    (0.123 0.00035238)
    (0.124 0.00035477)
    (0.125 0.00035713)
    (0.126 0.00035946)
    (0.127 0.00036177)
    (0.128 0.00036403)
    (0.129 0.00036625)
    (0.13 0.00036842)
    (0.131 0.00037053)
    (0.132 0.00037257)
    (0.133 0.00037454)
    (0.134 0.00037642)
    (0.135 0.00037819)
    (0.136 0.00037986)
    (0.137 0.00038141)
    (0.138 0.00038282)
    (0.139 0.00038409)
    (0.14 0.00038522)
    (0.141 0.0003862)
    (0.142 0.00038706)
    (0.143 0.0003878)
    (0.144 0.00038843)
    (0.145 0.00038896)
    (0.146 0.00038939)
    (0.147 0.00038973)
    (0.148 0.00039)
    (0.149 0.0003902)
    (0.15 0.00039034)
    (0.151 0.00039042)
    (0.152 0.00039045)
    (0.153 0.00039043)
    (0.154 0.00039038)
    (0.155 0.0003903)
    (0.156 0.00039019)
    (0.157 0.00039007)
    (0.158 0.00038991)
    (0.159 0.00038974)
    (0.16 0.00038953)
    (0.161 0.00038928)
    (0.162 0.000389)
    (0.163 0.00038867)
    (0.164 0.00038829)
    (0.165 0.00038786)
    (0.166 0.00038738)
    (0.167 0.00038681)
    (0.168 0.00038614)
    (0.169 0.00038537)
    (0.17 0.00038446)
    (0.171 0.00038341)
    (0.172 0.0003822)
    (0.173 0.00038081)
    (0.174 0.00037923)
    (0.175 0.00037746)
    (0.176 0.00037553)
    (0.177 0.00037346)
    (0.178 0.00037127)
    (0.179 0.00036898)
    (0.18 0.00036661)
    (0.181 0.00036419)
    (0.182 0.00036173)
    (0.183 0.00035925)
    (0.184 0.00035677)
    (0.185 0.0003543)
    (0.186 0.00035183)
    (0.187 0.00034939)
    (0.188 0.00034697)
    (0.189 0.00034459)
    (0.19 0.00034226)
    (0.191 0.00033998)
    (0.192 0.00033774)
    (0.193 0.00033551)
    (0.194 0.00033324)
    (0.195 0.00033091)
    (0.196 0.00032846)
    (0.197 0.00032587)
    (0.198 0.00032309)
    (0.199 0.00032009)
    (0.2 0.00031684)
    (0.201 0.00031339)
    (0.202 0.00030978)
    (0.203 0.00030606)
    (0.204 0.00030228)
    (0.205 0.00029848)
    (0.206 0.00029471)
    (0.207 0.00029102)
    (0.208 0.00028745)
    (0.209 0.00028399)
    (0.21 0.00028063)
    (0.211 0.00027734)
    (0.212 0.00027411)
    (0.213 0.00027091)
    (0.214 0.00026773)
    (0.215 0.00026454)
    (0.216 0.00026132)
    (0.217 0.00025804)
    (0.218 0.00025467)
    (0.219 0.00025118)
    (0.22 0.00024755)
    (0.221 0.00024373)
    (0.222 0.00023971)
    (0.223 0.0002355)
    (0.224 0.00023114)
    (0.225 0.00022672)
    (0.226 0.00022229)
    (0.227 0.00021792)
    (0.228 0.00021367)
    (0.229 0.00020959)
    (0.23 0.00020566)
    (0.231 0.00020185)
    (0.232 0.00019812)
    (0.233 0.00019444)
    (0.234 0.00019078)
    (0.235 0.00018712)
    (0.236 0.00018345)
    (0.237 0.00017979)
    (0.238 0.00017614)
    (0.239 0.0001725)
    (0.24 0.00016889)
    (0.241 0.00016531)
    (0.242 0.00016176)
    (0.243 0.00015822)
    (0.244 0.00015465)
    (0.245 0.00015103)
    (0.246 0.00014731)
    (0.247 0.00014346)
    (0.248 0.00013945)
    (0.249 0.00013528)
    (0.25 0.00013103)
    (0.251 0.00012676)
    (0.252 0.00012255)
    (0.253 0.00011848)
    (0.254 0.00011461)
    (0.255 0.00011102)
    (0.256 0.00010768)
    (0.257 0.00010453)
    (0.258 0.00010151)
    (0.259 9.8581e-05)
    (0.26 9.5671e-05)
    (0.261 9.2727e-05)
    (0.262 8.9693e-05)
    (0.263 8.6523e-05)
    (0.264 8.3231e-05)
    (0.265 7.9857e-05)
    (0.266 7.6437e-05)
    (0.267 7.3011e-05)
    (0.268 6.9616e-05)
    (0.269 6.629e-05)
    (0.27 6.3072e-05)
    (0.271 5.9992e-05)
    (0.272 5.705e-05)
    (0.273 5.4232e-05)
    (0.274 5.1526e-05)
    (0.275 4.892e-05)
    (0.276 4.6402e-05)
    (0.277 4.3958e-05)
    (0.278 4.1576e-05)
    (0.279 3.9244e-05)
    (0.28 3.6952e-05)
    (0.281 3.4702e-05)
    (0.282 3.2503e-05)
    (0.283 3.0365e-05)
    (0.284 2.8295e-05)
    (0.285 2.6302e-05)
    (0.286 2.4396e-05)
    (0.287 2.2586e-05)
    (0.288 2.0879e-05)
    (0.289 1.9271e-05)
    (0.29 1.7749e-05)
    (0.291 1.6299e-05)
    (0.292 1.4908e-05)
    (0.293 1.3562e-05)
    (0.294 1.2246e-05)
    (0.295 1.0948e-05)
    (0.296 9.6537e-06)
    (0.297 8.3533e-06)
    (0.298 7.0592e-06)
    (0.299 5.7907e-06)
    (0.3 4.567e-06)
    (0.301 3.4072e-06)
    (0.302 2.3306e-06)
    (0.303 0)
    (0.304 0)
    (0.305 0)
    (0.306 0)
    (0.307 0)
    (0.308 0)
    (0.309 0)
    (0.31 0)
    (0.311 0)
    (0.312 0)
    (0.313 0)
    (0.314 0)
    (0.315 0)
    (0.316 0)
    (0.317 0)
    (0.318 0)
    (0.319 0)
    (0.32 0)
    (0.321 0)
    (0.322 0)
    (0.323 0)
    (0.324 0)
    (0.325 0)
    (0.326 0)
    (0.327 0)
    (0.328 0)
    (0.329 0)
    (0.33 0)
    (0.331 0)
    (0.332 0)
    (0.333 0)
    (0.334 0)
    (0.335 0)
    (0.336 0)
    (0.337 0)
    (0.338 0)
    (0.339 0)
    (0.34 0)
    (0.341 0)
    (0.342 0)
    (0.343 0)
    (0.344 0)
    (0.345 0)
    (0.346 0)
    (0.347 0)
    (0.348 0)
    (0.349 0)
    (0.35 0)
    (0.351 0)
    (0.352 0)
    (0.353 0)
    (0.354 0)
    (0.355 0)
    (0.356 0)
    (0.357 0)
    (0.358 0)
    (0.359 0)
    (0.36 0)
    (0.361 0)
    (0.362 0)
    (0.363 0)
    (0.364 0)
    (0.365 0)
    (0.366 0)
    (0.367 0)
    (0.368 0)
    (0.369 0)
    (0.37 0)
    (0.371 0)
    (0.372 0)
    (0.373 0)
    (0.374 0)
    (0.375 0)
    (0.376 0)
    (0.377 0)
    (0.378 0)
    (0.379 0)
    (0.38 0)
    (0.381 0)
    (0.382 0)
    (0.383 0)
    (0.384 0)
    (0.385 0)
    (0.386 0)
    (0.387 0)
    (0.388 0)
    (0.389 0)
    (0.39 0)
    (0.391 0)
    (0.392 0)
    (0.393 0)
    (0.394 0)
    (0.395 0)
    (0.396 0)
    (0.397 0)
    (0.398 0)
    (0.399 0)
    (0.4 0)
    (0.401 0)
    (0.402 0)
    (0.403 0)
    (0.404 0)
    (0.405 0)
    (0.406 0)
    (0.407 0)
    (0.408 0)
    (0.409 0)
    (0.41 0)
    (0.411 0)
    (0.412 0)
    (0.413 0)
    (0.414 0)
    (0.415 0)
    (0.416 0)
    (0.417 0)
    (0.418 0)
    (0.419 0)
    (0.42 0)
    (0.421 0)
    (0.422 0)
    (0.423 0)
    (0.424 0)
    (0.425 0)
    (0.426 0)
    (0.427 0)
    (0.428 0)
    (0.429 0)
    (0.43 0)
    (0.431 0)
    (0.432 0)
    (0.433 0)
    (0.434 0)
    (0.435 0)
    (0.436 0)
    (0.437 0)
    (0.438 0)
    (0.439 0)
    (0.44 0)
    (0.441 0)
    (0.442 0)
    (0.443 0)
    (0.444 0)
    (0.445 0)
    (0.446 0)
    (0.447 0)
    (0.448 0)
    (0.449 0)
    (0.45 0)
    (0.451 0)
    (0.452 0)
    (0.453 0)
    (0.454 0)
    (0.455 0)
    (0.456 0)
    (0.457 0)
    (0.458 0)
    (0.459 0)
    (0.46 0)
    (0.461 0)
    (0.462 0)
    (0.463 0)
    (0.464 0)
    (0.465 0)
    (0.466 0)
    (0.467 0)
    (0.468 0)
    (0.469 0)
    (0.47 0)
    (0.471 0)
    (0.472 0)
    (0.473 0)
    (0.474 0)
    (0.475 0)
    (0.476 0)
    (0.477 0)
    (0.478 0)
    (0.479 0)
    (0.48 0)
    (0.481 0)
    (0.482 0)
    (0.483 0)
    (0.484 0)
    (0.485 0)
    (0.486 0)
    (0.487 0)
    (0.488 0)
    (0.489 0)
    (0.49 0)
    (0.491 0)
    (0.492 3.0234e-07)
    (0.493 1.0447e-06)
    (0.494 1.9813e-06)
    (0.495 3.1367e-06)
    (0.496 4.5296e-06)
    (0.497 6.1401e-06)
    (0.498 7.933e-06)
    (0.499 9.8729e-06)
    (0.5 1.1924e-05)
    (0.501 1.4052e-05)
    (0.502 1.6221e-05)
    (0.503 1.8396e-05)
    (0.504 2.0541e-05)
    (0.505 2.2635e-05)
    (0.506 2.4711e-05)
    (0.507 2.6809e-05)
    (0.508 2.8972e-05)
    (0.509 3.1242e-05)
    (0.51 3.3662e-05)
    (0.511 3.6272e-05)
    (0.512 3.9116e-05)
    (0.513 4.2212e-05)
    (0.514 4.554e-05)
    (0.515 4.9075e-05)
    (0.516 5.2793e-05)
    (0.517 5.6667e-05)
    (0.518 6.0673e-05)
    (0.519 6.4786e-05)
    (0.52 6.8981e-05)
    (0.521 7.3234e-05)
    (0.522 7.752e-05)
    (0.523 8.1815e-05)
    (0.524 8.6094e-05)
    (0.525 9.0334e-05)
    (0.526 9.4511e-05)
    (0.527 9.8621e-05)
    (0.528 0.00010268)
    (0.529 0.00010669)
    (0.53 0.00011067)
    (0.531 0.00011464)
    (0.532 0.00011859)
    (0.533 0.00012254)
    (0.534 0.00012649)
    (0.535 0.00013042)
    (0.536 0.00013432)
    (0.537 0.00013818)
    (0.538 0.00014199)
    (0.539 0.00014574)
    (0.54 0.00014942)
    (0.541 0.00015303)
    (0.542 0.00015658)
    (0.543 0.00016007)
    (0.544 0.00016349)
    (0.545 0.00016685)
    (0.546 0.00017016)
    (0.547 0.0001734)
    (0.548 0.00017656)
    (0.549 0.00017961)
    (0.55 0.00018253)
    (0.551 0.00018531)
    (0.552 0.00018792)
    (0.553 0.00019034)
    (0.554 0.00019257)
    (0.555 0.0001946)
    (0.556 0.00019646)
    (0.557 0.00019816)
    (0.558 0.0001997)
    (0.559 0.0002011)
    (0.56 0.00020237)
    (0.561 0.00020352)
    (0.562 0.00020456)
    (0.563 0.0002055)
    (0.564 0.00020631)
    (0.565 0.00020699)
    (0.566 0.00020752)
    (0.567 0.00020788)
    (0.568 0.00020807)
    (0.569 0.00020807)
    (0.57 0.00020787)
    (0.571 0.00020746)
    (0.572 0.00020686)
    (0.573 0.00020609)
    (0.574 0.00020517)
    (0.575 0.00020411)
    (0.576 0.00020294)
    (0.577 0.00020166)
    (0.578 0.0002003)
    (0.579 0.00019887)
    (0.58 0.00019739)
    (0.581 0.00019583)
    (0.582 0.00019418)
    (0.583 0.00019244)
    (0.584 0.00019059)
    (0.585 0.00018862)
    (0.586 0.00018651)
    (0.587 0.00018424)
    (0.588 0.00018182)
    (0.589 0.00017922)
    (0.59 0.00017643)
    (0.591 0.00017346)
    (0.592 0.0001703)
    (0.593 0.00016692)
    (0.594 0.00016334)
    (0.595 0.00015954)
    (0.596 0.00015553)
    (0.597 0.00015138)
    (0.598 0.00014717)
    (0.599 0.00014297)
    (0.6 0.00013885)
    (0.601 0.00013489)
    (0.602 0.00013116)
    (0.603 0.00012761)
    (0.604 0.00012419)
    (0.605 0.00012084)
    (0.606 0.00011749)
    (0.607 0.00011409)
    (0.608 0.00011056)
    (0.609 0.00010687)
    (0.61 0.00010302)
    (0.611 9.9022e-05)
    (0.612 9.4894e-05)
    (0.613 9.0652e-05)
    (0.614 8.6312e-05)
    (0.615 8.1898e-05)
    (0.616 7.7449e-05)
    (0.617 7.3006e-05)
    (0.618 6.8613e-05)
    (0.619 6.4309e-05)
    (0.62 6.0138e-05)
    (0.621 5.614e-05)
    (0.622 5.2359e-05)
    (0.623 4.8827e-05)
    (0.624 4.5536e-05)
    (0.625 4.2464e-05)
    (0.626 3.9591e-05)
    (0.627 3.6895e-05)
    (0.628 3.4354e-05)
    (0.629 3.1947e-05)
    (0.63 2.9652e-05)
    (0.631 2.7449e-05)
    (0.632 2.533e-05)
    (0.633 2.3286e-05)
    (0.634 2.131e-05)
    (0.635 1.9395e-05)
    (0.636 1.7533e-05)
    (0.637 1.5717e-05)
    (0.638 1.3938e-05)
    (0.639 1.2191e-05)
    (0.64 1.0468e-05)
    (0.641 8.7799e-06)
    (0.642 7.1499e-06)
    (0.643 5.6022e-06)
    (0.644 4.1607e-06)
    (0.645 2.8495e-06)
    (0.646 0)
    (0.647 0)
    (0.648 0)
    (0.649 0)
    (0.65 0)
    (0.651 0)
    (0.652 0)
    (0.653 0)
    (0.654 0)
    (0.655 0)
    (0.656 0)
    (0.657 0)
    (0.658 0)
    (0.659 0)
    (0.66 0)
    (0.661 0)
    (0.662 0)
    (0.663 0)
    (0.664 0)
    (0.665 0)
    (0.666 0)
    (0.667 0)
    (0.668 0)
    (0.669 0)
    (0.67 0)
    (0.671 0)
    (0.672 0)
    (0.673 0)
    (0.674 0)
    (0.675 0)
    (0.676 -8.796e-08)
    (0.677 -6.8523e-07)
    (0.678 -1.4262e-06)
    (0.679 -2.3053e-06)
    (0.68 -3.317e-06)
    (0.681 -4.4557e-06)
    (0.682 -5.7159e-06)
    (0.683 -7.0913e-06)
    (0.684 -8.5699e-06)
    (0.685 -1.0137e-05)
    (0.686 -1.1776e-05)
    (0.687 -1.3474e-05)
    (0.688 -1.5213e-05)
    (0.689 -1.6981e-05)
    (0.69 -1.876e-05)
    (0.691 -2.0536e-05)
    (0.692 -2.2301e-05)
    (0.693 -2.4075e-05)
    (0.694 -2.5883e-05)
    (0.695 -2.7749e-05)
    (0.696 -2.9697e-05)
    (0.697 -3.1753e-05)
    (0.698 -3.3941e-05)
    (0.699 -3.6286e-05)
    (0.7 -3.8812e-05)
    (0.701 -4.1544e-05)
    (0.702 -4.4506e-05)
    (0.703 -4.7694e-05)
    (0.704 -5.1084e-05)
    (0.705 -5.4647e-05)
    (0.706 -5.8357e-05)
    (0.707 -6.2185e-05)
    (0.708 -6.6104e-05)
    (0.709 -7.0088e-05)
    (0.71 -7.4119e-05)
    (0.711 -7.8202e-05)
    (0.712 -8.2343e-05)
    (0.713 -8.6547e-05)
    (0.714 -9.0821e-05)
    (0.715 -9.5169e-05)
    (0.716 -9.9596e-05)
    (0.717 -0.0001041)
    (0.718 -0.00010868)
    (0.719 -0.00011333)
    (0.72 -0.00011804)
    (0.721 -0.00012281)
    (0.722 -0.00012764)
    (0.723 -0.00013251)
    (0.724 -0.00013739)
    (0.725 -0.00014224)
    (0.726 -0.00014705)
    (0.727 -0.00015177)
    (0.728 -0.00015638)
    (0.729 -0.00016093)
    (0.73 -0.00016555)
    (0.731 -0.00017039)
    (0.732 -0.00017559)
    (0.733 -0.00018128)
    (0.734 -0.00018744)
    (0.735 -0.0001938)
    (0.736 -0.00020011)
    (0.737 -0.00020611)
    (0.738 -0.00021163)
    (0.739 -0.00021679)
    (0.74 -0.00022176)
    (0.741 -0.00022672)
    (0.742 -0.00023185)
    (0.743 -0.00023726)
    (0.744 -0.00024289)
    (0.745 -0.00024864)
    (0.746 -0.00025439)
    (0.747 -0.00026002)
    (0.748 -0.00026546)
    (0.749 -0.00027083)
    (0.75 -0.00027626)
    (0.751 -0.00028192)
    (0.752 -0.00028797)
    (0.753 -0.00029452)
    (0.754 -0.00030145)
    (0.755 -0.00030858)
    (0.756 -0.00031571)
    (0.757 -0.00032264)
    (0.758 -0.00032919)
    (0.759 -0.00033537)
    (0.76 -0.00034121)
    (0.761 -0.00034679)
    (0.762 -0.00035216)
    (0.763 -0.00035733)
    (0.764 -0.00036228)
    (0.765 -0.00036698)
    (0.766 -0.0003714)
    (0.767 -0.00037551)
    (0.768 -0.00037927)
    (0.769 -0.00038268)
    (0.77 -0.00038579)
    (0.771 -0.00038865)
    (0.772 -0.00039134)
    (0.773 -0.00039392)
    (0.774 -0.00039646)
    (0.775 -0.00039903)
    (0.776 -0.00040169)
    (0.777 -0.00040443)
    (0.778 -0.00040724)
    (0.779 -0.00041007)
    (0.78 -0.00041289)
    (0.781 -0.00041567)
    (0.782 -0.00041837)
    (0.783 -0.00042098)
    (0.784 -0.00042346)
    (0.785 -0.00042584)
    (0.786 -0.00042812)
    (0.787 -0.0004303)
    (0.788 -0.00043239)
    (0.789 -0.00043441)
    (0.79 -0.00043635)
    (0.791 -0.00043823)
    (0.792 -0.00044004)
    (0.793 -0.00044178)
    (0.794 -0.00044341)
    (0.795 -0.0004449)
    (0.796 -0.00044623)
    (0.797 -0.00044738)
    (0.798 -0.00044833)
    (0.799 -0.00044911)
    (0.8 -0.00044971)
    (0.801 -0.00045016)
    (0.802 -0.00045045)
    (0.803 -0.0004506)
    (0.804 -0.00045061)
    (0.805 -0.0004505)
    (0.806 -0.00045028)
    (0.807 -0.00044995)
    (0.808 -0.00044953)
    (0.809 -0.00044901)
    (0.81 -0.00044842)
    (0.811 -0.00044776)
    (0.812 -0.00044701)
    (0.813 -0.00044615)
    (0.814 -0.00044513)
    (0.815 -0.00044394)
    (0.816 -0.00044253)
    (0.817 -0.00044088)
    (0.818 -0.00043895)
    (0.819 -0.00043672)
    (0.82 -0.00043419)
    (0.821 -0.0004314)
    (0.822 -0.0004284)
    (0.823 -0.00042525)
    (0.824 -0.000422)
    (0.825 -0.00041868)
    (0.826 -0.00041536)
    (0.827 -0.00041207)
    (0.828 -0.00040885)
    (0.829 -0.0004057)
    (0.83 -0.00040261)
    (0.831 -0.00039958)
    (0.832 -0.00039662)
    (0.833 -0.00039373)
    (0.834 -0.00039089)
    (0.835 -0.00038813)
    (0.836 -0.00038542)
    (0.837 -0.00038277)
    (0.838 -0.00038016)
    (0.839 -0.00037761)
    (0.84 -0.00037509)
    (0.841 -0.0003726)
    (0.842 -0.00037014)
    (0.843 -0.0003677)
    (0.844 -0.00036528)
    (0.845 -0.0003629)
    (0.846 -0.00036056)
    (0.847 -0.00035829)
    (0.848 -0.00035609)
    (0.849 -0.000354)
    (0.85 -0.00035202)
    (0.851 -0.00035018)
    (0.852 -0.00034848)
    (0.853 -0.00034694)
    (0.854 -0.00034551)
    (0.855 -0.00034418)
    (0.856 -0.00034289)
    (0.857 -0.00034162)
    (0.858 -0.00034033)
    (0.859 -0.00033898)
    (0.86 -0.00033754)
    (0.861 -0.00033598)
    (0.862 -0.00033431)
    (0.863 -0.00033256)
    (0.864 -0.00033079)
    (0.865 -0.00032902)
    (0.866 -0.0003273)
    (0.867 -0.00032568)
    (0.868 -0.00032418)
    (0.869 -0.00032286)
    (0.87 -0.0003217)
    (0.871 -0.00032067)
    (0.872 -0.0003197)
    (0.873 -0.00031875)
    (0.874 -0.00031777)
    (0.875 -0.00031671)
    (0.876 -0.00031557)
    (0.877 -0.00031434)
    (0.878 -0.00031303)
    (0.879 -0.00031164)
    (0.88 -0.00031017)
    (0.881 -0.00030862)
    (0.882 -0.00030699)
    (0.883 -0.00030529)
    (0.884 -0.00030352)
    (0.885 -0.00030167)
    (0.886 -0.00029975)
    (0.887 -0.00029776)
    (0.888 -0.0002957)
    (0.889 -0.00029358)
    (0.89 -0.00029139)
    (0.891 -0.00028914)
    (0.892 -0.00028682)
    (0.893 -0.00028445)
    (0.894 -0.00028202)
    (0.895 -0.00027953)
    (0.896 -0.00027698)
    (0.897 -0.0002744)
    (0.898 -0.00027182)
    (0.899 -0.00026925)
    (0.9 -0.00026673)
    (0.901 -0.00026428)
    (0.902 -0.00026192)
    (0.903 -0.00025969)
    (0.904 -0.0002576)
    (0.905 -0.00025565)
    (0.906 -0.00025381)
    (0.907 -0.00025206)
    (0.908 -0.00025035)
    (0.909 -0.00024864)
    (0.91 -0.00024692)
    (0.911 -0.00024513)
    (0.912 -0.00024326)
    (0.913 -0.00024126)
    (0.914 -0.00023914)
    (0.915 -0.00023692)
    (0.916 -0.00023462)
    (0.917 -0.00023225)
    (0.918 -0.00022984)
    (0.919 -0.0002274)
    (0.92 -0.00022494)
    (0.921 -0.0002225)
    (0.922 -0.00022008)
    (0.923 -0.00021769)
    (0.924 -0.00021531)
    (0.925 -0.00021295)
    (0.926 -0.00021061)
    (0.927 -0.00020828)
    (0.928 -0.00020596)
    (0.929 -0.00020365)
    (0.93 -0.00020134)
    (0.931 -0.00019904)
    (0.932 -0.00019672)
    (0.933 -0.00019439)
    (0.934 -0.00019203)
    (0.935 -0.00018964)
    (0.936 -0.0001872)
    (0.937 -0.0001847)
    (0.938 -0.00018215)
    (0.939 -0.00017952)
    (0.94 -0.00017683)
    (0.941 -0.00017411)
    (0.942 -0.00017138)
    (0.943 -0.00016865)
    (0.944 -0.00016595)
    (0.945 -0.0001633)
    (0.946 -0.00016071)
    (0.947 -0.00015821)
    (0.948 -0.0001558)
    (0.949 -0.00015346)
    (0.95 -0.00015116)
    (0.951 -0.00014889)
    (0.952 -0.00014664)
    (0.953 -0.00014438)
    (0.954 -0.0001421)
    (0.955 -0.00013977)
    (0.956 -0.00013738)
    (0.957 -0.00013492)
    (0.958 -0.00013236)
    (0.959 -0.00012972)
    (0.96 -0.00012702)
    (0.961 -0.00012427)
    (0.962 -0.00012148)
    (0.963 -0.00011867)
    (0.964 -0.00011586)
    (0.965 -0.00011305)
    (0.966 -0.00011026)
    (0.967 -0.00010749)
    (0.968 -0.00010473)
    (0.969 -0.00010196)
    (0.97 -9.9159e-05)
    (0.971 -9.6322e-05)
    (0.972 -9.3429e-05)
    (0.973 -9.0465e-05)
    (0.974 -8.7415e-05)
    (0.975 -8.4275e-05)
    (0.976 -8.1051e-05)
    (0.977 -7.7747e-05)
    (0.978 -7.4371e-05)
    (0.979 -7.0926e-05)
    (0.98 -6.742e-05)
    (0.981 -6.3857e-05)
    (0.982 -6.0258e-05)
    (0.983 -5.6661e-05)
    (0.984 -5.3106e-05)
    (0.985 -4.9633e-05)
    (0.986 -4.6283e-05)
    (0.987 -4.3095e-05)
    (0.988 -4.0111e-05)
    (0.989 -3.7368e-05)
    (0.99 -3.4855e-05)
    (0.991 -3.2504e-05)
    (0.992 -3.0241e-05)
    (0.993 -2.7994e-05)
    (0.994 -2.5692e-05)
    (0.995 -2.3261e-05)
    (0.996 -2.0629e-05)
    (0.997 -1.7724e-05)
    (0.998 -1.4474e-05)
    (0.999 -1.0806e-05)
    (1 0)
);
